MAVERICK.mp4 0.005 1 76.53620719909668 8.664653062820435 1006318800 -0.08248828976034546 100
MAVERICK.mp4 0.005 1 76.53620719909668 8.818044185638428 1006318800 0.11330637254902097 75
MAVERICK.mp4 0.005 1 76.53620719909668 8.59012746810913 872363216 0.24283741830065217 50
MAVERICK.mp4 0.005 1 76.53620719909668 8.284432411193848 603944144 0.18179330065359417 25
MAVERICK.mp4 0.005 1 76.53620719909668 8.659573316574097 51854289 -0.04913752723311531 10
MAVERICK.mp4 0.005 2 81.28904938697815 10.567616701126099 1006318800 -0.09246498533087712 100
MAVERICK.mp4 0.005 2 81.28904938697815 8.978641748428345 872101072 0.2999780341853803 75
MAVERICK.mp4 0.005 2 81.28904938697815 8.675446033477783 838546640 0.4061208801184134 50
MAVERICK.mp4 0.005 2 81.28904938697815 8.553516387939453 838546640 0.11316511815296014 25
MAVERICK.mp4 0.005 2 81.28904938697815 8.538475275039673 292666361 -0.16020622732233114 10
MAVERICK.mp4 0.005 4 78.47868609428406 8.98800277709961 1073427664 -0.41745014969583866 100
MAVERICK.mp4 0.005 4 78.47868609428406 8.776359796524048 1039873232 0.23325174227769357 75
MAVERICK.mp4 0.005 4 78.47868609428406 9.174128532409668 1039873232 0.7249568845335581 50
MAVERICK.mp4 0.005 4 78.47868609428406 9.065375089645386 765604992 0.18029780116844396 25
MAVERICK.mp4 0.005 4 78.47868609428406 8.35408067703247 245560836 -0.321079143571168 10
MAVERICK.mp4 0.005 8 74.94728541374207 9.066783428192139 997930192 0.8365831667088909 100
MAVERICK.mp4 0.005 8 74.94728541374207 9.39625358581543 997930192 2.1050815768380144 75
MAVERICK.mp4 0.005 8 74.94728541374207 9.065471172332764 997930192 2.615484165325403 50
MAVERICK.mp4 0.005 8 74.94728541374207 8.619068384170532 321856736 0.8752696704380235 25
MAVERICK.mp4 0.005 8 74.94728541374207 8.097683429718018 322314345 0.33779099194258383 10
MAVERICK.mp4 0.005 10 76.87965488433838 9.053892850875854 1065034960 2.746906231767976 100
MAVERICK.mp4 0.005 10 76.87965488433838 9.17150616645813 1065026768 4.267731911075048 75
MAVERICK.mp4 0.005 10 76.87965488433838 9.307767868041992 1031734480 4.989376297836333 50
MAVERICK.mp4 0.005 10 76.87965488433838 9.0045804977417 477431296 2.4589660331014893 25
MAVERICK.mp4 0.005 10 76.87965488433838 8.18833065032959 506269361 0.9545053688381046 10
MAVERICK.mp4 0.005 14 80.09898018836975 8.9053053855896 1065039056 2.8214298345265285 100
MAVERICK.mp4 0.005 14 80.09898018836975 8.986567974090576 897266896 4.8057288863163965 75
MAVERICK.mp4 0.005 14 80.09898018836975 8.698178768157959 880489680 5.358543027083082 50
MAVERICK.mp4 0.005 14 80.09898018836975 8.573298454284668 809596144 1.9015294610492772 25
MAVERICK.mp4 0.005 14 80.09898018836975 8.613863468170166 817478711 0.020829394327500802 10
MAVERICK.mp4 0.005 16 75.45922183990479 9.07793116569519 1039873232 2.26234312853204 100
MAVERICK.mp4 0.005 16 75.45922183990479 8.98543381690979 1039873232 5.079781428475806 75
MAVERICK.mp4 0.005 16 75.45922183990479 9.349229097366333 1039873232 5.667575946094525 50
MAVERICK.mp4 0.005 16 75.45922183990479 9.142579793930054 680837232 2.6526474047477735 25
MAVERICK.mp4 0.005 16 75.45922183990479 8.373021364212036 950094398 0.693525516214417 10
MAVERICK.mp4 0.005 20 78.68561100959778 9.08485746383667 1006318800 0.07435410453370347 100
MAVERICK.mp4 0.005 20 78.68561100959778 9.058756351470947 1006318800 3.353777360903132 75
MAVERICK.mp4 0.005 20 78.68561100959778 8.76915979385376 1006318800 4.602766007040471 50
MAVERICK.mp4 0.005 20 78.68561100959778 8.633651494979858 461911184 0.2315269794861142 25
MAVERICK.mp4 0.005 20 78.68561100959778 8.423535108566284 436580566 -0.1157242013897123 10
MAVERICK.mp4 0.005 25 79.66990542411804 9.06340479850769 1065039056 5.586633140046548 100
MAVERICK.mp4 0.005 25 79.66990542411804 9.470216989517212 830158032 9.973665068542557 75
MAVERICK.mp4 0.005 25 79.66990542411804 9.164952039718628 813380816 10.003873044391836 50
MAVERICK.mp4 0.005 25 79.66990542411804 8.719361543655396 539649520 4.008986744092769 25
MAVERICK.mp4 0.005 25 79.66990542411804 8.50597071647644 608350056 0.4298780437185543 10
MAVERICK.mp4 0.005 30 79.85366749763489 9.008171558380127 997930192 7.6767129252619 100
MAVERICK.mp4 0.005 30 79.85366749763489 9.067071914672852 863712464 11.073441316757489 75
MAVERICK.mp4 0.005 30 79.85366749763489 8.620784282684326 863712464 11.416852012002709 50
MAVERICK.mp4 0.005 30 79.85366749763489 8.650957584381104 40400016 5.739463692009902 25
MAVERICK.mp4 0.005 30 79.85366749763489 8.456908226013184 673024 4.223223489117451 10
MAVERICK.mp4 0.01 1 83.24865341186523 8.971299409866333 1006318800 -0.08248828976034546 100
MAVERICK.mp4 0.01 1 83.24865341186523 8.803844928741455 1006318800 0.11330637254902097 75
MAVERICK.mp4 0.01 1 83.24865341186523 8.687183380126953 872363216 0.24283741830065217 50
MAVERICK.mp4 0.01 1 83.24865341186523 8.610171794891357 603944144 0.18179330065359417 25
MAVERICK.mp4 0.01 1 83.24865341186523 8.342143774032593 51854289 -0.04913752723311531 10
MAVERICK.mp4 0.01 2 79.49100995063782 9.032752752304077 1006318800 -0.09246498533087712 100
MAVERICK.mp4 0.01 2 79.49100995063782 8.988797187805176 872101072 0.2999780341853803 75
MAVERICK.mp4 0.01 2 79.49100995063782 8.84504747390747 838546640 0.4061208801184134 50
MAVERICK.mp4 0.01 2 79.49100995063782 8.988528490066528 838546640 0.11316511815296014 25
MAVERICK.mp4 0.01 2 79.49100995063782 8.6566903591156 292666361 -0.16020622732233114 10
MAVERICK.mp4 0.01 4 75.68212008476257 9.031680822372437 1073427664 -0.41745014969583866 100
MAVERICK.mp4 0.01 4 75.68212008476257 9.48981523513794 1039873232 0.23325174227769357 75
MAVERICK.mp4 0.01 4 75.68212008476257 8.64914345741272 1039873232 0.7249568845335581 50
MAVERICK.mp4 0.01 4 75.68212008476257 8.475904941558838 765604992 0.18029780116844396 25
MAVERICK.mp4 0.01 4 75.68212008476257 8.238569974899292 245560836 -0.321079143571168 10
MAVERICK.mp4 0.01 8 76.85323977470398 8.96060824394226 997930192 0.8365831667088909 100
MAVERICK.mp4 0.01 8 76.85323977470398 9.05719780921936 997930192 2.1050815768380144 75
MAVERICK.mp4 0.01 8 76.85323977470398 8.84353518486023 997930192 2.615484165325403 50
MAVERICK.mp4 0.01 8 76.85323977470398 8.918896913528442 321856736 0.8752696704380235 25
MAVERICK.mp4 0.01 8 76.85323977470398 8.840112447738647 322314345 0.33779099194258383 10
MAVERICK.mp4 0.01 10 84.15345811843872 8.990067958831787 1065034960 2.746906231767976 100
MAVERICK.mp4 0.01 10 84.15345811843872 8.698413848876953 1065026768 4.267731911075048 75
MAVERICK.mp4 0.01 10 84.15345811843872 9.279474973678589 1031734480 4.989376297836333 50
MAVERICK.mp4 0.01 10 84.15345811843872 9.018280029296875 477431296 2.4589660331014893 25
MAVERICK.mp4 0.01 10 84.15345811843872 8.485618352890015 506269361 0.9545053688381046 10
MAVERICK.mp4 0.01 14 79.98641872406006 9.063422918319702 1065039056 2.8214298345265285 100
MAVERICK.mp4 0.01 14 79.98641872406006 9.03905439376831 897266896 4.8057288863163965 75
MAVERICK.mp4 0.01 14 79.98641872406006 8.636458396911621 880489680 5.358543027083082 50
MAVERICK.mp4 0.01 14 79.98641872406006 8.562226295471191 809596144 1.9015294610492772 25
MAVERICK.mp4 0.01 14 79.98641872406006 8.458543062210083 817478711 0.020829394327500802 10
MAVERICK.mp4 0.01 16 75.71062016487122 9.096958637237549 1039873232 2.26234312853204 100
MAVERICK.mp4 0.01 16 75.71062016487122 9.305671453475952 1039873232 5.079781428475806 75
MAVERICK.mp4 0.01 16 75.71062016487122 8.755527973175049 1039873232 5.667575946094525 50
MAVERICK.mp4 0.01 16 75.71062016487122 8.37744951248169 680837232 2.6526474047477735 25
MAVERICK.mp4 0.01 16 75.71062016487122 8.52144193649292 950094398 0.693525516214417 10
MAVERICK.mp4 0.01 20 84.55324578285217 9.097151041030884 1006318800 0.07435410453370347 100
MAVERICK.mp4 0.01 20 84.55324578285217 9.060042142868042 1006318800 3.353777360903132 75
MAVERICK.mp4 0.01 20 84.55324578285217 9.393610000610352 1006318800 4.602766007040471 50
MAVERICK.mp4 0.01 20 84.55324578285217 8.641317129135132 461911184 0.2315269794861142 25
MAVERICK.mp4 0.01 20 84.55324578285217 8.530168294906616 436580566 -0.1157242013897123 10
MAVERICK.mp4 0.01 25 83.30819368362427 9.06592321395874 1065039056 5.586633140046548 100
MAVERICK.mp4 0.01 25 83.30819368362427 8.92964482307434 830158032 9.973665068542557 75
MAVERICK.mp4 0.01 25 83.30819368362427 9.170881748199463 813380816 10.003873044391836 50
MAVERICK.mp4 0.01 25 83.30819368362427 8.294642686843872 539649520 4.008986744092769 25
MAVERICK.mp4 0.01 25 83.30819368362427 8.426231622695923 608350056 0.4298780437185543 10
MAVERICK.mp4 0.01 30 83.91843366622925 9.06266736984253 997930192 7.6767129252619 100
MAVERICK.mp4 0.01 30 83.91843366622925 9.574191331863403 863712464 11.073441316757489 75
MAVERICK.mp4 0.01 30 83.91843366622925 8.844628810882568 863712464 11.416852012002709 50
MAVERICK.mp4 0.01 30 83.91843366622925 8.597299098968506 40400016 5.739463692009902 25
MAVERICK.mp4 0.01 30 83.91843366622925 8.740185976028442 673024 4.223223489117451 10
MAVERICK.mp4 0.02 1 75.44278645515442 8.849576473236084 1006318800 -0.08248828976034546 100
MAVERICK.mp4 0.02 1 75.44278645515442 9.436195135116577 1006318800 0.11330637254902097 75
MAVERICK.mp4 0.02 1 75.44278645515442 8.867592334747314 872363216 0.24283741830065217 50
MAVERICK.mp4 0.02 1 75.44278645515442 8.277424812316895 603944144 0.18179330065359417 25
MAVERICK.mp4 0.02 1 75.44278645515442 8.350457668304443 51854289 -0.04913752723311531 10
MAVERICK.mp4 0.02 2 76.09683036804199 8.951337814331055 1006318800 -0.09246498533087712 100
MAVERICK.mp4 0.02 2 76.09683036804199 9.47438669204712 872101072 0.2999780341853803 75
MAVERICK.mp4 0.02 2 76.09683036804199 9.039272546768188 838546640 0.4061208801184134 50
MAVERICK.mp4 0.02 2 76.09683036804199 8.930620431900024 838546640 0.11316511815296014 25
MAVERICK.mp4 0.02 2 76.09683036804199 8.89227819442749 292666361 -0.16020622732233114 10
MAVERICK.mp4 0.02 4 77.23724818229675 8.9502432346344 1073427664 -0.41745014969583866 100
MAVERICK.mp4 0.02 4 77.23724818229675 9.29948377609253 1039873232 0.23325174227769357 75
MAVERICK.mp4 0.02 4 77.23724818229675 8.802492141723633 1039873232 0.7249568845335581 50
MAVERICK.mp4 0.02 4 77.23724818229675 9.042978525161743 765604992 0.18029780116844396 25
MAVERICK.mp4 0.02 4 77.23724818229675 8.395843982696533 245560836 -0.321079143571168 10
MAVERICK.mp4 0.02 8 84.7890899181366 9.251674175262451 997930192 0.8365831667088909 100
MAVERICK.mp4 0.02 8 84.7890899181366 9.05756688117981 997930192 2.1050815768380144 75
MAVERICK.mp4 0.02 8 84.7890899181366 9.248926401138306 997930192 2.615484165325403 50
MAVERICK.mp4 0.02 8 84.7890899181366 8.802786588668823 321856736 0.8752696704380235 25
MAVERICK.mp4 0.02 8 84.7890899181366 8.805609464645386 322314345 0.33779099194258383 10
MAVERICK.mp4 0.02 10 77.60831046104431 8.988703489303589 1065034960 2.746906231767976 100
MAVERICK.mp4 0.02 10 77.60831046104431 8.943150281906128 1065026768 4.267731911075048 75
MAVERICK.mp4 0.02 10 77.60831046104431 8.730134963989258 1031734480 4.989376297836333 50
MAVERICK.mp4 0.02 10 77.60831046104431 9.022500991821289 477431296 2.4589660331014893 25
MAVERICK.mp4 0.02 10 77.60831046104431 8.228851318359375 506269361 0.9545053688381046 10
MAVERICK.mp4 0.02 14 79.90634512901306 8.99066948890686 1065039056 2.8214298345265285 100
MAVERICK.mp4 0.02 14 79.90634512901306 8.890202522277832 897266896 4.8057288863163965 75
MAVERICK.mp4 0.02 14 79.90634512901306 8.667584419250488 880489680 5.358543027083082 50
MAVERICK.mp4 0.02 14 79.90634512901306 8.528553009033203 809596144 1.9015294610492772 25
MAVERICK.mp4 0.02 14 79.90634512901306 8.787060499191284 817478711 0.020829394327500802 10
MAVERICK.mp4 0.02 16 80.68575859069824 9.050109148025513 1039873232 2.26234312853204 100
MAVERICK.mp4 0.02 16 80.68575859069824 9.156609535217285 1039873232 5.079781428475806 75
MAVERICK.mp4 0.02 16 80.68575859069824 8.944589614868164 1039873232 5.667575946094525 50
MAVERICK.mp4 0.02 16 80.68575859069824 8.615655899047852 680837232 2.6526474047477735 25
MAVERICK.mp4 0.02 16 80.68575859069824 8.470687627792358 950094398 0.693525516214417 10
MAVERICK.mp4 0.02 20 82.11497640609741 9.010242938995361 1006318800 0.07435410453370347 100
MAVERICK.mp4 0.02 20 82.11497640609741 9.135254144668579 1006318800 3.353777360903132 75
MAVERICK.mp4 0.02 20 82.11497640609741 8.64491868019104 1006318800 4.602766007040471 50
MAVERICK.mp4 0.02 20 82.11497640609741 9.046454906463623 461911184 0.2315269794861142 25
MAVERICK.mp4 0.02 20 82.11497640609741 8.304484605789185 436580566 -0.1157242013897123 10
MAVERICK.mp4 0.02 25 84.13209891319275 9.10358452796936 1065039056 5.586633140046548 100
MAVERICK.mp4 0.02 25 84.13209891319275 9.304480791091919 830158032 9.973665068542557 75
MAVERICK.mp4 0.02 25 84.13209891319275 9.17185091972351 813380816 10.003873044391836 50
MAVERICK.mp4 0.02 25 84.13209891319275 8.620502471923828 539649520 4.008986744092769 25
MAVERICK.mp4 0.02 25 84.13209891319275 8.888952016830444 608350056 0.4298780437185543 10
MAVERICK.mp4 0.02 30 80.21909546852112 8.937429904937744 538345641 122.65254049433734 100
MAVERICK.mp4 0.02 30 80.21909546852112 8.78915286064148 538345641 110.04970052416927 75
MAVERICK.mp4 0.02 30 80.21909546852112 8.90061640739441 538214569 107.97226747180461 50
MAVERICK.mp4 0.02 30 80.21909546852112 8.678515434265137 311723 91.90268208031127 25
MAVERICK.mp4 0.02 30 80.21909546852112 8.369706869125366 1868075 58.97450440425851 10
MAVERICK.mp4 0.05 1 83.3380172252655 9.152871370315552 1006318800 -0.08248828976034546 100
MAVERICK.mp4 0.05 1 83.3380172252655 8.9343900680542 1006318800 0.11330637254902097 75
MAVERICK.mp4 0.05 1 83.3380172252655 8.984347343444824 872363216 0.24283741830065217 50
MAVERICK.mp4 0.05 1 83.3380172252655 8.60346269607544 603944144 0.18179330065359417 25
MAVERICK.mp4 0.05 1 83.3380172252655 8.944350481033325 51854289 -0.04913752723311531 10
MAVERICK.mp4 0.05 2 75.79476737976074 9.046380281448364 1006318800 -0.09246498533087712 100
MAVERICK.mp4 0.05 2 75.79476737976074 9.449976444244385 872101072 0.2999780341853803 75
MAVERICK.mp4 0.05 2 75.79476737976074 8.923982381820679 838546640 0.4061208801184134 50
MAVERICK.mp4 0.05 2 75.79476737976074 8.71176028251648 838546640 0.11316511815296014 25
MAVERICK.mp4 0.05 2 75.79476737976074 8.5395827293396 292666361 -0.16020622732233114 10
MAVERICK.mp4 0.05 4 79.97135138511658 9.072227001190186 1073427664 -0.41745014969583866 100
MAVERICK.mp4 0.05 4 79.97135138511658 9.526267051696777 1039873232 0.23325174227769357 75
MAVERICK.mp4 0.05 4 79.97135138511658 9.27718210220337 1039873232 0.7249568845335581 50
MAVERICK.mp4 0.05 4 79.97135138511658 8.708566665649414 765604992 0.18029780116844396 25
MAVERICK.mp4 0.05 4 79.97135138511658 8.775027513504028 245560836 -0.321079143571168 10
MAVERICK.mp4 0.05 8 78.67963576316833 8.658705234527588 997930192 0.8365831667088909 100
MAVERICK.mp4 0.05 8 78.67963576316833 8.731820583343506 997930192 2.1050815768380144 75
MAVERICK.mp4 0.05 8 78.67963576316833 8.950682640075684 997930192 2.615484165325403 50
MAVERICK.mp4 0.05 8 78.67963576316833 8.31648302078247 321856736 0.8752696704380235 25
MAVERICK.mp4 0.05 8 78.67963576316833 8.262547731399536 322314345 0.33779099194258383 10
MAVERICK.mp4 0.05 10 78.43349957466125 8.88126277923584 1065034960 2.746906231767976 100
MAVERICK.mp4 0.05 10 78.43349957466125 8.75632643699646 1065026768 4.267731911075048 75
MAVERICK.mp4 0.05 10 78.43349957466125 8.680428743362427 1031734480 4.989376297836333 50
MAVERICK.mp4 0.05 10 78.43349957466125 8.458093404769897 477431296 2.4589660331014893 25
MAVERICK.mp4 0.05 10 78.43349957466125 8.266372680664062 506269361 0.9545053688381046 10
MAVERICK.mp4 0.05 14 74.0739004611969 8.709301948547363 1362091 210.42099701345794 100
MAVERICK.mp4 0.05 14 74.0739004611969 9.000790357589722 1362091 181.51768247513544 75
MAVERICK.mp4 0.05 14 74.0739004611969 8.991487741470337 1362091 181.5643847037583 50
MAVERICK.mp4 0.05 14 74.0739004611969 8.306670427322388 313387 172.47030992252454 25
MAVERICK.mp4 0.05 14 74.0739004611969 8.232605457305908 9750571 132.8160003727593 10
MAVERICK.mp4 0.05 16 74.10053086280823 8.794971942901611 314159 443.2829572467293 100
MAVERICK.mp4 0.05 16 74.10053086280823 8.991242170333862 314159 379.1276456602704 75
MAVERICK.mp4 0.05 16 74.10053086280823 8.649205923080444 314159 380.47241084743604 50
MAVERICK.mp4 0.05 16 74.10053086280823 8.275522232055664 314159 363.68069801546943 25
MAVERICK.mp4 0.05 16 74.10053086280823 8.367409944534302 314159 314.7940229581047 10
MAVERICK.mp4 0.05 20 82.3841552734375 8.868967533111572 314159 1047.2289213370238 100
MAVERICK.mp4 0.05 20 82.3841552734375 8.771966457366943 314159 885.5117632415734 75
MAVERICK.mp4 0.05 20 82.3841552734375 8.702118396759033 314159 878.9748947188731 50
MAVERICK.mp4 0.05 20 82.3841552734375 8.420646667480469 314159 813.9251692937906 25
MAVERICK.mp4 0.05 20 82.3841552734375 8.221842527389526 314159 627.7163525047835 10
MAVERICK.mp4 0.05 25 78.33992862701416 8.904892206192017 314159 2617.992739265582 100
MAVERICK.mp4 0.05 25 78.33992862701416 8.850077867507935 314159 2206.37205421394 75
MAVERICK.mp4 0.05 25 78.33992862701416 8.567402124404907 314159 2185.0331411988127 50
MAVERICK.mp4 0.05 25 78.33992862701416 8.621012926101685 314159 2040.4259689337794 25
MAVERICK.mp4 0.05 25 78.33992862701416 8.258687257766724 314159 1681.9797321016947 10
MAVERICK.mp4 0.05 30 78.12836217880249 9.037827968597412 314159 4829.206334496515 100
MAVERICK.mp4 0.05 30 78.12836217880249 8.9510977268219 314159 4001.878104334386 75
MAVERICK.mp4 0.05 30 78.12836217880249 8.665985584259033 314159 3934.2791342012597 50
MAVERICK.mp4 0.05 30 78.12836217880249 8.727238893508911 314159 3680.537859940537 25
MAVERICK.mp4 0.05 30 78.12836217880249 8.254314661026001 314159 2907.887690264729 10
MAVERICK.mp4 0.1 1 74.53630113601685 8.695631265640259 1006318800 -0.08248828976034546 100
MAVERICK.mp4 0.1 1 74.53630113601685 8.883100271224976 1006318800 0.11330637254902097 75
MAVERICK.mp4 0.1 1 74.53630113601685 8.757875919342041 872363216 0.24283741830065217 50
MAVERICK.mp4 0.1 1 74.53630113601685 8.707280397415161 603944144 0.18179330065359417 25
MAVERICK.mp4 0.1 1 74.53630113601685 8.108999967575073 51854289 -0.04913752723311531 10
MAVERICK.mp4 0.1 2 79.17345142364502 8.715047359466553 1006318800 -0.09246498533087712 100
MAVERICK.mp4 0.1 2 79.17345142364502 8.71831464767456 872101072 0.2999780341853803 75
MAVERICK.mp4 0.1 2 79.17345142364502 8.959449529647827 838546640 0.4061208801184134 50
MAVERICK.mp4 0.1 2 79.17345142364502 8.39064621925354 838546640 0.11316511815296014 25
MAVERICK.mp4 0.1 2 79.17345142364502 8.515412330627441 292666361 -0.16020622732233114 10
MAVERICK.mp4 0.1 4 83.59245920181274 8.73486328125 1073427664 -0.41745014969583866 100
MAVERICK.mp4 0.1 4 83.59245920181274 8.681306838989258 1039873232 0.23325174227769357 75
MAVERICK.mp4 0.1 4 83.59245920181274 8.43369460105896 1039873232 0.7249568845335581 50
MAVERICK.mp4 0.1 4 83.59245920181274 8.429436683654785 765604992 0.18029780116844396 25
MAVERICK.mp4 0.1 4 83.59245920181274 8.254408121109009 245560836 -0.321079143571168 10
MAVERICK.mp4 0.1 8 74.97492146492004 8.807806491851807 297195 166.88991453063682 100
MAVERICK.mp4 0.1 8 74.97492146492004 9.149267196655273 297195 143.4709038980054 75
MAVERICK.mp4 0.1 8 74.97492146492004 8.449648141860962 313515 144.2960152250443 50
MAVERICK.mp4 0.1 8 74.97492146492004 8.601280689239502 313515 138.6761549283436 25
MAVERICK.mp4 0.1 8 74.97492146492004 8.1773042678833 313515 115.69562755701668 10
MAVERICK.mp4 0.1 10 78.82553100585938 8.702441930770874 314159 507.8113824721337 100
MAVERICK.mp4 0.1 10 78.82553100585938 9.117495059967041 314159 429.3118332027333 75
MAVERICK.mp4 0.1 10 78.82553100585938 8.973663091659546 314159 429.2063211450272 50
MAVERICK.mp4 0.1 10 78.82553100585938 8.239157676696777 314159 408.27677879810136 25
MAVERICK.mp4 0.1 10 78.82553100585938 8.365208864212036 314159 337.980788472578 10
MAVERICK.mp4 0.1 14 81.42608046531677 8.90896487236023 314159 1792.0557216894713 100
MAVERICK.mp4 0.1 14 81.42608046531677 8.756247758865356 314159 1494.5119296067837 75
MAVERICK.mp4 0.1 14 81.42608046531677 9.010181188583374 314159 1478.250535222192 50
MAVERICK.mp4 0.1 14 81.42608046531677 8.522204160690308 314159 1398.7309193917274 25
MAVERICK.mp4 0.1 14 81.42608046531677 8.335062026977539 314159 1178.7915214738566 10
MAVERICK.mp4 0.1 16 74.4328293800354 8.780275344848633 314159 2596.6240404636314 100
MAVERICK.mp4 0.1 16 74.4328293800354 8.732108354568481 314159 2132.9025432318363 75
MAVERICK.mp4 0.1 16 74.4328293800354 8.764085054397583 314159 2106.2837958961095 50
MAVERICK.mp4 0.1 16 74.4328293800354 8.562313079833984 314159 1991.743367814927 25
MAVERICK.mp4 0.1 16 74.4328293800354 8.164956092834473 314159 1684.4543932532806 10
MAVERICK.mp4 0.1 20 77.9542248249054 8.794054746627808 314159 4116.879178517746 100
MAVERICK.mp4 0.1 20 77.9542248249054 8.92478346824646 314159 3311.8997169475065 75
MAVERICK.mp4 0.1 20 77.9542248249054 8.662083387374878 314159 3254.4872421122277 50
MAVERICK.mp4 0.1 20 77.9542248249054 8.253353118896484 314159 3068.0056865057695 25
MAVERICK.mp4 0.1 20 77.9542248249054 8.111530542373657 314159 2489.016435356519 10
MAVERICK.mp4 0.1 25 77.35290145874023 8.89749550819397 314159 5899.940392938117 100
MAVERICK.mp4 0.1 25 77.35290145874023 9.070189476013184 314159 4673.992610738785 75
MAVERICK.mp4 0.1 25 77.35290145874023 8.677084922790527 314159 4604.23662678232 50
MAVERICK.mp4 0.1 25 77.35290145874023 8.201556921005249 314159 4362.218546792336 25
MAVERICK.mp4 0.1 25 77.35290145874023 8.09095287322998 314159 3588.7032095365334 10
MAVERICK.mp4 0.1 30 77.11932730674744 8.867202997207642 314159 8356.217482943835 100
MAVERICK.mp4 0.1 30 77.11932730674744 8.889292001724243 314159 6593.056808097929 75
MAVERICK.mp4 0.1 30 77.11932730674744 8.631192445755005 314159 6510.487015082104 50
MAVERICK.mp4 0.1 30 77.11932730674744 8.411029577255249 314159 6139.98790540637 25
MAVERICK.mp4 0.1 30 77.11932730674744 8.272557258605957 314159 4986.364449102796 10
MAVERICK.mp4 0.2 1 75.29296374320984 8.769550323486328 1006318800 -0.08248828976034546 100
MAVERICK.mp4 0.2 1 75.29296374320984 8.939196109771729 1006318800 0.11330637254902097 75
MAVERICK.mp4 0.2 1 75.29296374320984 8.743777513504028 872363216 0.24283741830065217 50
MAVERICK.mp4 0.2 1 75.29296374320984 8.53000545501709 603944144 0.18179330065359417 25
MAVERICK.mp4 0.2 1 75.29296374320984 8.476752281188965 51854289 -0.04913752723311531 10
MAVERICK.mp4 0.2 2 79.96091485023499 8.625772953033447 1006318800 -0.09246498533087712 100
MAVERICK.mp4 0.2 2 79.96091485023499 8.600929021835327 872101072 0.2999780341853803 75
MAVERICK.mp4 0.2 2 79.96091485023499 8.586971044540405 838546640 0.4061208801184134 50
MAVERICK.mp4 0.2 2 79.96091485023499 8.545997381210327 838546640 0.11316511815296014 25
MAVERICK.mp4 0.2 2 79.96091485023499 8.14620041847229 292666361 -0.16020622732233114 10
MAVERICK.mp4 0.2 4 79.48846292495728 8.775766849517822 314159 118.0080457244563 100
MAVERICK.mp4 0.2 4 79.48846292495728 8.633835077285767 314159 100.48015922467569 75
MAVERICK.mp4 0.2 4 79.48846292495728 8.64875841140747 314159 101.6585541291559 50
MAVERICK.mp4 0.2 4 79.48846292495728 8.651679515838623 314159 97.48538393179822 25
MAVERICK.mp4 0.2 4 79.48846292495728 8.291239976882935 314159 88.3399640962247 10
MAVERICK.mp4 0.2 8 83.30046772956848 8.707143068313599 314159 1047.589984410016 100
MAVERICK.mp4 0.2 8 83.30046772956848 8.655205965042114 314159 858.762722589234 75
MAVERICK.mp4 0.2 8 83.30046772956848 8.624505281448364 314159 848.6565398134828 50
MAVERICK.mp4 0.2 8 83.30046772956848 8.404114723205566 314159 805.4055868360218 25
MAVERICK.mp4 0.2 8 83.30046772956848 8.258971452713013 314159 702.0283943098596 10
MAVERICK.mp4 0.2 10 81.2555239200592 8.80410361289978 314159 1953.1915041419104 100
MAVERICK.mp4 0.2 10 81.2555239200592 8.856761932373047 314159 1555.0003023036313 75
MAVERICK.mp4 0.2 10 81.2555239200592 8.790610313415527 314159 1535.697174840609 50
MAVERICK.mp4 0.2 10 81.2555239200592 8.69402289390564 314159 1480.5335646728543 25
MAVERICK.mp4 0.2 10 81.2555239200592 8.536984920501709 314159 1218.7805462584656 10
MAVERICK.mp4 0.2 14 76.73521757125854 8.913676261901855 314159 3492.4220812637154 100
MAVERICK.mp4 0.2 14 76.73521757125854 9.004412174224854 314159 2733.6646859194198 75
MAVERICK.mp4 0.2 14 76.73521757125854 8.699536085128784 314159 2690.285995250838 50
MAVERICK.mp4 0.2 14 76.73521757125854 8.790503740310669 314159 2570.7289112998383 25
MAVERICK.mp4 0.2 14 76.73521757125854 8.519383192062378 314159 2122.7761282269585 10
MAVERICK.mp4 0.2 16 80.89319133758545 8.935740232467651 314159 4402.540776339268 100
MAVERICK.mp4 0.2 16 80.89319133758545 8.77390456199646 314159 3436.315691700088 75
MAVERICK.mp4 0.2 16 80.89319133758545 8.557461500167847 314159 3397.889088283667 50
MAVERICK.mp4 0.2 16 80.89319133758545 8.630634069442749 314159 3239.8726728702077 25
MAVERICK.mp4 0.2 16 80.89319133758545 8.253223180770874 314159 2709.3901086662777 10
MAVERICK.mp4 0.2 20 77.0350730419159 8.919782400131226 314159 5757.31249962714 100
MAVERICK.mp4 0.2 20 77.0350730419159 8.845121383666992 314159 4427.083029139512 75
MAVERICK.mp4 0.2 20 77.0350730419159 8.365846157073975 314159 4358.951715515827 50
MAVERICK.mp4 0.2 20 77.0350730419159 8.206229209899902 314159 4130.679177843479 25
MAVERICK.mp4 0.2 20 77.0350730419159 8.315696477890015 314159 3362.8370144792198 10
MAVERICK.mp4 0.2 25 72.58480525016785 8.83969235420227 314159 7310.1650777108625 100
MAVERICK.mp4 0.2 25 72.58480525016785 8.746757507324219 314159 5520.282924269579 75
MAVERICK.mp4 0.2 25 72.58480525016785 8.617446660995483 314159 5454.629075875408 50
MAVERICK.mp4 0.2 25 72.58480525016785 8.563319444656372 314159 5131.89205199845 25
MAVERICK.mp4 0.2 25 72.58480525016785 8.336657285690308 314159 4258.213929887269 10
MAVERICK.mp4 0.2 30 76.72634744644165 8.894156217575073 314159 9697.404191983404 100
MAVERICK.mp4 0.2 30 76.72634744644165 8.690735816955566 314159 7389.361454169767 75
MAVERICK.mp4 0.2 30 76.72634744644165 8.591757535934448 314159 7297.067783653192 50
MAVERICK.mp4 0.2 30 76.72634744644165 8.516239404678345 314159 6835.05421715262 25
MAVERICK.mp4 0.2 30 76.72634744644165 8.031370162963867 314159 5521.797468710064 10
MAVERICK.mp4 0.4 1 74.60109329223633 8.775760889053345 1006318800 -0.08248828976034546 100
MAVERICK.mp4 0.4 1 74.60109329223633 8.923290491104126 1006318800 0.11330637254902097 75
MAVERICK.mp4 0.4 1 74.60109329223633 8.564142227172852 872363216 0.24283741830065217 50
MAVERICK.mp4 0.4 1 74.60109329223633 8.321704864501953 603944144 0.18179330065359417 25
MAVERICK.mp4 0.4 1 74.60109329223633 8.496087789535522 51854289 -0.04913752723311531 10
MAVERICK.mp4 0.4 2 74.77055788040161 8.814196825027466 1006318800 -0.09246498533087712 100
MAVERICK.mp4 0.4 2 74.77055788040161 8.954455852508545 872101072 0.2999780341853803 75
MAVERICK.mp4 0.4 2 74.77055788040161 8.87456488609314 838546640 0.4061208801184134 50
MAVERICK.mp4 0.4 2 74.77055788040161 8.200268030166626 838546640 0.11316511815296014 25
MAVERICK.mp4 0.4 2 74.77055788040161 7.973567008972168 292666361 -0.16020622732233114 10
MAVERICK.mp4 0.4 4 73.75193977355957 8.662841320037842 314159 536.1454332162667 100
MAVERICK.mp4 0.4 4 73.75193977355957 8.94813060760498 314159 410.00281552326226 75
MAVERICK.mp4 0.4 4 73.75193977355957 8.81650972366333 314159 410.1361874351196 50
MAVERICK.mp4 0.4 4 73.75193977355957 8.255288362503052 314159 402.97840739740434 25
MAVERICK.mp4 0.4 4 73.75193977355957 8.153171062469482 314159 345.69975933218814 10
MAVERICK.mp4 0.4 8 72.3117778301239 8.838995933532715 314159 1944.802634740946 100
MAVERICK.mp4 0.4 8 72.3117778301239 8.920774221420288 314159 1458.0885084633692 75
MAVERICK.mp4 0.4 8 72.3117778301239 8.587083578109741 314159 1437.9270107033656 50
MAVERICK.mp4 0.4 8 72.3117778301239 8.384917736053467 314159 1373.7892208022097 25
MAVERICK.mp4 0.4 8 72.3117778301239 7.975307464599609 314159 1147.2831567419764 10
MAVERICK.mp4 0.4 10 72.81059885025024 8.909986734390259 314159 2626.7730141587513 100
MAVERICK.mp4 0.4 10 72.81059885025024 9.233890533447266 314159 1984.9966455876026 75
MAVERICK.mp4 0.4 10 72.81059885025024 8.766242504119873 314159 1963.2128692541842 50
MAVERICK.mp4 0.4 10 72.81059885025024 8.606510400772095 314159 1877.5875136729833 25
MAVERICK.mp4 0.4 10 72.81059885025024 8.434108257293701 314159 1542.1897067329535 10
MAVERICK.mp4 0.4 14 71.95646834373474 9.02243947982788 314159 4206.264589564561 100
MAVERICK.mp4 0.4 14 71.95646834373474 8.771310091018677 314159 3178.295105010352 75
MAVERICK.mp4 0.4 14 71.95646834373474 8.80148720741272 314159 3130.8954961602085 50
MAVERICK.mp4 0.4 14 71.95646834373474 8.563161373138428 314159 2952.6442961190505 25
MAVERICK.mp4 0.4 14 71.95646834373474 8.065587282180786 314159 2423.877331708866 10
MAVERICK.mp4 0.4 16 76.56569337844849 8.877671718597412 314159 5060.062581315034 100
MAVERICK.mp4 0.4 16 76.56569337844849 9.159414768218994 314159 3816.165323850074 75
MAVERICK.mp4 0.4 16 76.56569337844849 8.716203212738037 314159 3768.4681047047684 50
MAVERICK.mp4 0.4 16 76.56569337844849 8.711589574813843 314159 3569.2862699316725 25
MAVERICK.mp4 0.4 16 76.56569337844849 8.29343557357788 314159 2932.8781312005012 10
MAVERICK.mp4 0.4 20 76.55294346809387 9.059614896774292 314159 6276.0742622766375 100
MAVERICK.mp4 0.4 20 76.55294346809387 8.918638229370117 314159 4698.022550539387 75
MAVERICK.mp4 0.4 20 76.55294346809387 8.700178146362305 314159 4606.816962303095 50
MAVERICK.mp4 0.4 20 76.55294346809387 8.44465708732605 314159 4318.01861487391 25
MAVERICK.mp4 0.4 20 76.55294346809387 8.169913291931152 314159 3370.715681122643 10
MAVERICK.mp4 0.4 25 72.10283660888672 8.915000200271606 314159 7686.437908499045 100
MAVERICK.mp4 0.4 25 72.10283660888672 8.847101926803589 314159 5700.993514265556 75
MAVERICK.mp4 0.4 25 72.10283660888672 8.930299520492554 314159 5609.288742389126 50
MAVERICK.mp4 0.4 25 72.10283660888672 8.366213083267212 314159 5250.779358189929 25
MAVERICK.mp4 0.4 25 72.10283660888672 8.52473258972168 314159 4130.63450725542 10
MAVERICK.mp4 0.4 30 72.02249050140381 8.77150821685791 314155 10095.961276385375 100
MAVERICK.mp4 0.4 30 72.02249050140381 8.695644855499268 314155 7587.152065498359 75
MAVERICK.mp4 0.4 30 72.02249050140381 8.53856635093689 314159 7433.568048061406 50
MAVERICK.mp4 0.4 30 72.02249050140381 8.253542423248291 314159 6919.193544486695 25
MAVERICK.mp4 0.4 30 72.02249050140381 8.13806438446045 314159 5285.738215617041 10
MAVERICK.mp4 0.8 1 74.57130885124207 8.974321126937866 1006318800 -0.08248828976034546 100
MAVERICK.mp4 0.8 1 74.57130885124207 8.86459469795227 1006318800 0.11330637254902097 75
MAVERICK.mp4 0.8 1 74.57130885124207 8.73043417930603 872363216 0.24283741830065217 50
MAVERICK.mp4 0.8 1 74.57130885124207 8.469106674194336 603944144 0.18179330065359417 25
MAVERICK.mp4 0.8 1 74.57130885124207 8.282705307006836 51854289 -0.04913752723311531 10
MAVERICK.mp4 0.8 2 77.40113162994385 8.867733001708984 314159 252.97897535060656 100
MAVERICK.mp4 0.8 2 77.40113162994385 9.081343173980713 314159 214.01412610929523 75
MAVERICK.mp4 0.8 2 77.40113162994385 8.63973069190979 314159 213.2763363633925 50
MAVERICK.mp4 0.8 2 77.40113162994385 8.434927701950073 314159 199.16181983336944 25
MAVERICK.mp4 0.8 2 77.40113162994385 8.51808214187622 314159 154.71198458962118 10
MAVERICK.mp4 0.8 4 71.84026789665222 8.803953170776367 314159 960.91020666763 100
MAVERICK.mp4 0.8 4 71.84026789665222 8.903895854949951 314159 711.3378437320482 75
MAVERICK.mp4 0.8 4 71.84026789665222 8.58732295036316 314159 706.5071487498046 50
MAVERICK.mp4 0.8 4 71.84026789665222 8.5036940574646 314159 681.7959402025084 25
MAVERICK.mp4 0.8 4 71.84026789665222 8.619168519973755 314159 565.9083045048312 10
MAVERICK.mp4 0.8 8 76.48076033592224 8.906226396560669 314159 2218.321489816278 100
MAVERICK.mp4 0.8 8 76.48076033592224 8.758344888687134 314159 1609.2498177362127 75
MAVERICK.mp4 0.8 8 76.48076033592224 8.736573219299316 314159 1588.404171400406 50
MAVERICK.mp4 0.8 8 76.48076033592224 8.413501977920532 314159 1504.7694597302 25
MAVERICK.mp4 0.8 8 76.48076033592224 8.430305480957031 314159 1206.8043526188894 10
MAVERICK.mp4 0.8 10 72.40967011451721 8.860729932785034 314159 2901.4910288235683 100
MAVERICK.mp4 0.8 10 72.40967011451721 9.268846988677979 314159 2119.357595738949 75
MAVERICK.mp4 0.8 10 72.40967011451721 8.948748111724854 314159 2092.5506824955282 50
MAVERICK.mp4 0.8 10 72.40967011451721 8.267466306686401 314159 1983.8761447686827 25
MAVERICK.mp4 0.8 10 72.40967011451721 8.475237607955933 314159 1594.1716507936087 10
MAVERICK.mp4 0.8 14 78.59752702713013 8.972238302230835 314155 4438.5557499419 100
MAVERICK.mp4 0.8 14 78.59752702713013 9.179641246795654 314155 3300.2942128355803 75
MAVERICK.mp4 0.8 14 78.59752702713013 8.715580940246582 314159 3237.3476461001765 50
MAVERICK.mp4 0.8 14 78.59752702713013 8.362415552139282 314159 3039.6978158632232 25
MAVERICK.mp4 0.8 14 78.59752702713013 8.110314130783081 314159 2323.878913895164 10
MAVERICK.mp4 0.8 16 76.0508382320404 9.011640071868896 314155 5210.137362874728 100
MAVERICK.mp4 0.8 16 76.0508382320404 9.152472734451294 314155 3883.250403421521 75
MAVERICK.mp4 0.8 16 76.0508382320404 9.075389623641968 314155 3812.653928831606 50
MAVERICK.mp4 0.8 16 76.0508382320404 8.20345950126648 314159 3593.793973714148 25
MAVERICK.mp4 0.8 16 76.0508382320404 8.718138933181763 314159 2800.426504846043 10
MAVERICK.mp4 0.8 20 71.71545958518982 8.890468120574951 314155 6323.709678142907 100
MAVERICK.mp4 0.8 20 71.71545958518982 8.796476602554321 314155 4727.868093969022 75
MAVERICK.mp4 0.8 20 71.71545958518982 8.789767742156982 314155 4627.326792896228 50
MAVERICK.mp4 0.8 20 71.71545958518982 8.407014608383179 314159 4305.590900050267 25
MAVERICK.mp4 0.8 20 71.71545958518982 8.732680082321167 314159 3126.4808314354887 10
MAVERICK.mp4 0.8 25 75.09235143661499 8.953691959381104 314155 7673.171670156908 100
MAVERICK.mp4 0.8 25 75.09235143661499 8.839004516601562 314155 5762.0582079706655 75
MAVERICK.mp4 0.8 25 75.09235143661499 8.46555495262146 314155 5675.772563528019 50
MAVERICK.mp4 0.8 25 75.09235143661499 8.344837665557861 314155 5314.002972870512 25
MAVERICK.mp4 0.8 25 75.09235143661499 8.478945970535278 314159 3833.242970604004 10
MAVERICK.mp4 0.8 30 75.17286825180054 8.78752875328064 314155 9904.554738801382 100
MAVERICK.mp4 0.8 30 75.17286825180054 8.71887755393982 314155 7535.831822490594 75
MAVERICK.mp4 0.8 30 75.17286825180054 8.6530442237854 314155 7392.218729175918 50
MAVERICK.mp4 0.8 30 75.17286825180054 8.394618034362793 314155 6917.687580368949 25
MAVERICK.mp4 0.8 30 75.17286825180054 8.123833179473877 314159 4815.179430611005 10
MAVERICK.mp4 1.5 1 78.89929628372192 8.75830864906311 1006318800 -0.08248828976034546 100
MAVERICK.mp4 1.5 1 78.89929628372192 8.58478331565857 1006318800 0.11330637254902097 75
MAVERICK.mp4 1.5 1 78.89929628372192 8.633512258529663 872363216 0.24283741830065217 50
MAVERICK.mp4 1.5 1 78.89929628372192 8.69931674003601 603944144 0.18179330065359417 25
MAVERICK.mp4 1.5 1 78.89929628372192 8.10579538345337 51854289 -0.04913752723311531 10
MAVERICK.mp4 1.5 2 74.5150351524353 8.755369901657104 314159 572.5253845089567 100
MAVERICK.mp4 1.5 2 74.5150351524353 9.181421279907227 314159 416.5064673243583 75
MAVERICK.mp4 1.5 2 74.5150351524353 8.901682376861572 314159 411.03892924943233 50
MAVERICK.mp4 1.5 2 74.5150351524353 8.310590267181396 314159 396.33560625310076 25
MAVERICK.mp4 1.5 2 74.5150351524353 8.042987823486328 314159 340.3211022693443 10
MAVERICK.mp4 1.5 4 72.91124963760376 8.804171323776245 314159 1040.401570271005 100
MAVERICK.mp4 1.5 4 72.91124963760376 9.009815692901611 314159 750.0927858599124 75
MAVERICK.mp4 1.5 4 72.91124963760376 8.565260887145996 314159 746.7609325505396 50
MAVERICK.mp4 1.5 4 72.91124963760376 8.554545164108276 314159 713.2874353884416 25
MAVERICK.mp4 1.5 4 72.91124963760376 8.03384017944336 314159 589.4525374286654 10
MAVERICK.mp4 1.5 8 76.62753653526306 8.743904829025269 314155 2279.979985049205 100
MAVERICK.mp4 1.5 8 76.62753653526306 9.159873008728027 314155 1648.0981268521875 75
MAVERICK.mp4 1.5 8 76.62753653526306 8.645851373672485 314155 1632.6714768124273 50
MAVERICK.mp4 1.5 8 76.62753653526306 8.309794902801514 314159 1564.8633178130199 25
MAVERICK.mp4 1.5 8 76.62753653526306 8.152164459228516 314159 1247.2344535873694 10
MAVERICK.mp4 1.5 10 72.76783275604248 9.010151863098145 314155 2901.7503626900166 100
MAVERICK.mp4 1.5 10 72.76783275604248 8.816158533096313 314155 2123.0295031697647 75
MAVERICK.mp4 1.5 10 72.76783275604248 8.483069658279419 314155 2092.225917023005 50
MAVERICK.mp4 1.5 10 72.76783275604248 8.432447671890259 314159 1994.5255738606324 25
MAVERICK.mp4 1.5 10 72.76783275604248 8.220517873764038 314159 1529.9948163935849 10
MAVERICK.mp4 1.5 14 72.63273000717163 8.743035316467285 314155 4268.801333258517 100
MAVERICK.mp4 1.5 14 72.63273000717163 8.908304452896118 314155 3187.8650567791074 75
MAVERICK.mp4 1.5 14 72.63273000717163 8.470100164413452 314155 3136.545142737423 50
MAVERICK.mp4 1.5 14 72.63273000717163 8.232378005981445 314155 2949.0979419120436 25
MAVERICK.mp4 1.5 14 72.63273000717163 8.391599178314209 314159 2116.1381775260897 10
MAVERICK.mp4 1.5 16 71.37765216827393 8.831196308135986 314155 5025.49355947417 100
MAVERICK.mp4 1.5 16 71.37765216827393 8.776432991027832 314155 3812.8516908530696 75
MAVERICK.mp4 1.5 16 71.37765216827393 8.614761352539062 314155 3762.0392905622307 50
MAVERICK.mp4 1.5 16 71.37765216827393 8.356741428375244 314155 3625.3700721296505 25
MAVERICK.mp4 1.5 16 71.37765216827393 8.164982318878174 314159 2700.762901998509 10
MAVERICK.mp4 1.5 20 75.16396570205688 8.761364221572876 1362731 5912.809259576351 100
MAVERICK.mp4 1.5 20 75.16396570205688 8.705831050872803 314155 4525.5533377453785 75
MAVERICK.mp4 1.5 20 75.16396570205688 8.799906015396118 314155 4477.562618781022 50
MAVERICK.mp4 1.5 20 75.16396570205688 8.541624546051025 314155 4293.333846732554 25
MAVERICK.mp4 1.5 20 75.16396570205688 8.047391414642334 314159 2943.2860704710774 10
MAVERICK.mp4 1.5 25 70.9046642780304 8.69161319732666 1362731 6943.709843434001 100
MAVERICK.mp4 1.5 25 70.9046642780304 9.100011587142944 1362731 5244.351365636289 75
MAVERICK.mp4 1.5 25 70.9046642780304 8.4575514793396 1362731 5223.165600499903 50
MAVERICK.mp4 1.5 25 70.9046642780304 8.439786195755005 314155 5038.052014889375 25
MAVERICK.mp4 1.5 25 70.9046642780304 8.27965521812439 314155 3560.708449227487 10
MAVERICK.mp4 1.5 30 73.46229219436646 8.78743028640747 1362731 8621.917103386215 100
MAVERICK.mp4 1.5 30 73.46229219436646 8.816925525665283 1362731 6622.4565432972795 75
MAVERICK.mp4 1.5 30 73.46229219436646 8.892271041870117 1362731 6544.982394949959 50
MAVERICK.mp4 1.5 30 73.46229219436646 8.380540132522583 1362731 6237.528708243897 25
MAVERICK.mp4 1.5 30 73.46229219436646 8.380859375 314155 4365.104496241176 10
MAVERICK.mp4 2 1 74.32455039024353 8.841785430908203 314159 332.24007788670446 100
MAVERICK.mp4 2 1 74.32455039024353 9.059607028961182 314159 223.90510866012679 75
MAVERICK.mp4 2 1 74.32455039024353 8.577259063720703 314159 224.46033169934248 50
MAVERICK.mp4 2 1 74.32455039024353 8.332400560379028 314159 217.5593031045714 25
MAVERICK.mp4 2 1 74.32455039024353 8.433281898498535 314159 200.28930582788328 10
MAVERICK.mp4 2 2 81.39745664596558 8.886739015579224 314159 596.4373996037144 100
MAVERICK.mp4 2 2 81.39745664596558 9.077329874038696 314159 426.16406816357295 75
MAVERICK.mp4 2 2 81.39745664596558 8.568569660186768 314159 418.883794742227 50
MAVERICK.mp4 2 2 81.39745664596558 8.563153743743896 314159 404.2388874761001 25
MAVERICK.mp4 2 2 81.39745664596558 8.13023328781128 314159 348.7176467122007 10
MAVERICK.mp4 2 4 80.40224814414978 8.799741268157959 314159 1049.2390560646486 100
MAVERICK.mp4 2 4 80.40224814414978 8.772493362426758 314159 753.3873076470916 75
MAVERICK.mp4 2 4 80.40224814414978 8.70203161239624 314159 744.5363165358309 50
MAVERICK.mp4 2 4 80.40224814414978 8.394893169403076 314159 715.2378365327298 25
MAVERICK.mp4 2 4 80.40224814414978 8.051867961883545 314159 592.0032658662607 10
MAVERICK.mp4 2 8 80.04700040817261 8.897995948791504 314155 2254.9286303731806 100
MAVERICK.mp4 2 8 80.04700040817261 8.862965106964111 314155 1643.2542141643946 75
MAVERICK.mp4 2 8 80.04700040817261 8.727469205856323 314155 1620.5468871813794 50
MAVERICK.mp4 2 8 80.04700040817261 8.478975296020508 314155 1559.3232871188297 25
MAVERICK.mp4 2 8 80.04700040817261 8.228973150253296 314159 1235.431851506214 10
MAVERICK.mp4 2 10 80.55967283248901 8.910346984863281 314155 2800.5450934576556 100
MAVERICK.mp4 2 10 80.55967283248901 8.78713607788086 314155 2056.902629150886 75
MAVERICK.mp4 2 10 80.55967283248901 8.44251537322998 314155 2035.9773307755643 50
MAVERICK.mp4 2 10 80.55967283248901 8.60169792175293 314155 1956.1693679644384 25
MAVERICK.mp4 2 10 80.55967283248901 8.160898685455322 314159 1433.195682438308 10
MAVERICK.mp4 2 14 70.68146419525146 8.762918710708618 314155 4169.07339640627 100
MAVERICK.mp4 2 14 70.68146419525146 8.755048513412476 314155 3157.0314977474923 75
MAVERICK.mp4 2 14 70.68146419525146 8.924959659576416 314155 3116.0184052601917 50
MAVERICK.mp4 2 14 70.68146419525146 8.762771606445312 314155 2949.169432285194 25
MAVERICK.mp4 2 14 70.68146419525146 8.044752359390259 314155 2107.504883870838 10
MAVERICK.mp4 2 16 71.66430234909058 8.78727388381958 1362731 4777.910938444892 100
MAVERICK.mp4 2 16 71.66430234909058 8.959843397140503 1362731 3652.4279744532837 75
MAVERICK.mp4 2 16 71.66430234909058 8.593553066253662 1362731 3621.741222195028 50
MAVERICK.mp4 2 16 71.66430234909058 8.421952486038208 314155 3532.7384575934916 25
MAVERICK.mp4 2 16 71.66430234909058 8.254908800125122 314155 2534.486602159931 10
MAVERICK.mp4 2 20 71.10968089103699 8.967524290084839 1362731 5475.058811462616 100
MAVERICK.mp4 2 20 71.10968089103699 9.145241022109985 1362731 4193.628791294971 75
MAVERICK.mp4 2 20 71.10968089103699 8.515422105789185 1362731 4182.332597450002 50
MAVERICK.mp4 2 20 71.10968089103699 8.724643230438232 1362731 4070.9969264332412 25
MAVERICK.mp4 2 20 71.10968089103699 8.311923265457153 314155 2783.4237047872853 10
MAVERICK.mp4 2 25 74.01314997673035 8.783266544342041 1362731 6119.456485726098 100
MAVERICK.mp4 2 25 74.01314997673035 8.765907526016235 1362730 4559.007762483407 75
MAVERICK.mp4 2 25 74.01314997673035 8.850845098495483 1362731 4561.395389330643 50
MAVERICK.mp4 2 25 74.01314997673035 8.243179559707642 1362730 4419.3277773921545 25
MAVERICK.mp4 2 25 74.01314997673035 8.074776887893677 314155 3227.1779506242583 10
MAVERICK.mp4 2 30 73.17946028709412 8.64147424697876 1362731 7149.708755867507 100
MAVERICK.mp4 2 30 73.17946028709412 8.901858806610107 1362731 5318.695954960044 75
MAVERICK.mp4 2 30 73.17946028709412 8.316506624221802 1362731 5282.3789154698125 50
MAVERICK.mp4 2 30 73.17946028709412 8.626338243484497 1362735 4938.210391105908 25
MAVERICK.mp4 2 30 73.17946028709412 8.156383275985718 1362735 3603.8245971942856 10
MAVERICK.mp4 3 1 79.14577913284302 8.734924077987671 314159 332.24007788670446 100
MAVERICK.mp4 3 1 79.14577913284302 9.13625979423523 314159 223.90510866012679 75
MAVERICK.mp4 3 1 79.14577913284302 8.556931018829346 314159 224.46033169934248 50
MAVERICK.mp4 3 1 79.14577913284302 8.608967542648315 314159 217.5593031045714 25
MAVERICK.mp4 3 1 79.14577913284302 8.474483013153076 314159 200.28930582788328 10
MAVERICK.mp4 3 2 73.96371722221375 8.813111543655396 314159 612.2884697663909 100
MAVERICK.mp4 3 2 73.96371722221375 8.769842624664307 314159 428.8148240138081 75
MAVERICK.mp4 3 2 73.96371722221375 8.878227472305298 314159 422.89453493248936 50
MAVERICK.mp4 3 2 73.96371722221375 8.371258020401001 314159 400.2929638102193 25
MAVERICK.mp4 3 2 73.96371722221375 8.291792631149292 314159 337.95070062831365 10
MAVERICK.mp4 3 4 76.54728102684021 8.80570650100708 314159 1041.5988270453834 100
MAVERICK.mp4 3 4 76.54728102684021 8.795293807983398 314155 745.6662041050197 75
MAVERICK.mp4 3 4 76.54728102684021 8.513871192932129 314159 739.7938462642161 50
MAVERICK.mp4 3 4 76.54728102684021 8.668040752410889 314159 715.2711957477328 25
MAVERICK.mp4 3 4 76.54728102684021 8.04506802558899 314159 563.8696965283034 10
MAVERICK.mp4 3 8 72.36503338813782 8.846604824066162 314155 2167.0650866710207 100
MAVERICK.mp4 3 8 72.36503338813782 8.798075914382935 314155 1588.121251748295 75
MAVERICK.mp4 3 8 72.36503338813782 8.354500770568848 314155 1573.3132634819738 50
MAVERICK.mp4 3 8 72.36503338813782 8.207766771316528 314155 1558.7601014390477 25
MAVERICK.mp4 3 8 72.36503338813782 8.196747303009033 314155 1193.6478241818065 10
MAVERICK.mp4 3 10 74.57634234428406 8.82807207107544 1362731 2643.1961781761183 100
MAVERICK.mp4 3 10 74.57634234428406 9.106981754302979 1362731 1962.3481775321775 75
MAVERICK.mp4 3 10 74.57634234428406 8.511396884918213 1362731 1964.896176555513 50
MAVERICK.mp4 3 10 74.57634234428406 8.549604654312134 314155 1920.3057825536766 25
MAVERICK.mp4 3 10 74.57634234428406 8.230819702148438 314155 1401.9820996872559 10
MAVERICK.mp4 3 14 73.64633560180664 8.89197587966919 1362731 3727.2678876176933 100
MAVERICK.mp4 3 14 73.64633560180664 9.171724557876587 1362731 2838.0237080042175 75
MAVERICK.mp4 3 14 73.64633560180664 8.647768259048462 1362731 2837.727492695632 50
MAVERICK.mp4 3 14 73.64633560180664 8.361600399017334 1362731 2744.4975712963587 25
MAVERICK.mp4 3 14 73.64633560180664 8.08328628540039 314155 1934.4435583600819 10
MAVERICK.mp4 3 16 73.96302390098572 8.997591495513916 1362731 4159.419304369322 100
MAVERICK.mp4 3 16 73.96302390098572 8.9260094165802 1362731 3161.7733877234036 75
MAVERICK.mp4 3 16 73.96302390098572 8.632708549499512 1362731 3149.553468710593 50
MAVERICK.mp4 3 16 73.96302390098572 8.328542709350586 1362731 3094.899102687259 25
MAVERICK.mp4 3 16 73.96302390098572 8.562430620193481 1362731 2225.8690982794483 10
MAVERICK.mp4 3 20 68.8546130657196 8.75744915008545 1362731 4269.0955088695 100
MAVERICK.mp4 3 20 68.8546130657196 8.64543104171753 1362731 3197.055421577298 75
MAVERICK.mp4 3 20 68.8546130657196 8.806959390640259 1362731 3186.538238664974 50
MAVERICK.mp4 3 20 68.8546130657196 8.277791738510132 1362731 3094.930681762364 25
MAVERICK.mp4 3 20 68.8546130657196 8.071676015853882 1362735 2253.9926712857537 10
MAVERICK.mp4 3 25 72.84531426429749 8.732300758361816 1887023 4164.623280071799 100
MAVERICK.mp4 3 25 72.84531426429749 8.926617860794067 538757935 2937.0344786280557 75
MAVERICK.mp4 3 25 72.84531426429749 8.479861974716187 1887023 2954.1173520382767 50
MAVERICK.mp4 3 25 72.84531426429749 8.348236322402954 1362735 2754.5328777962836 25
MAVERICK.mp4 3 25 72.84531426429749 8.102552890777588 1362735 2100.1627244650726 10
MAVERICK.mp4 3 30 72.67482423782349 8.734694719314575 1887023 4576.744847113502 100
MAVERICK.mp4 3 30 72.67482423782349 8.790225505828857 1887023 3143.2665876239485 75
MAVERICK.mp4 3 30 72.67482423782349 8.644033432006836 1887023 3120.1988625978997 50
MAVERICK.mp4 3 30 72.67482423782349 8.545751810073853 1887023 2721.503749292031 25
MAVERICK.mp4 3 30 72.67482423782349 8.058300018310547 1362735 1928.0897068532588 10
MAVERICK.mp4 4 1 81.95744800567627 8.892797946929932 314159 326.8660639978156 100
MAVERICK.mp4 4 1 81.95744800567627 8.856783151626587 314159 219.4989787581661 75
MAVERICK.mp4 4 1 81.95744800567627 8.761751413345337 314159 217.77686574073692 50
MAVERICK.mp4 4 1 81.95744800567627 8.82973027229309 314159 213.3508913398655 25
MAVERICK.mp4 4 1 81.95744800567627 8.444440841674805 314159 200.3831157407373 10
MAVERICK.mp4 4 2 80.58655214309692 8.845195770263672 314159 619.9818139371384 100
MAVERICK.mp4 4 2 80.58655214309692 8.806563138961792 314159 433.0887173654148 75
MAVERICK.mp4 4 2 80.58655214309692 9.04651427268982 314159 425.2288891774424 50
MAVERICK.mp4 4 2 80.58655214309692 8.714361667633057 314159 406.4895050965039 25
MAVERICK.mp4 4 2 80.58655214309692 8.245351314544678 314159 337.1871761854961 10
MAVERICK.mp4 4 4 79.96405935287476 8.788483381271362 314155 1023.2628518807368 100
MAVERICK.mp4 4 4 79.96405935287476 9.016127586364746 314155 730.9219217113069 75
MAVERICK.mp4 4 4 79.96405935287476 8.507237195968628 314155 722.3624613606505 50
MAVERICK.mp4 4 4 79.96405935287476 8.717213153839111 314159 705.5644691209737 25
MAVERICK.mp4 4 4 79.96405935287476 8.30330514907837 314159 544.9025603799414 10
MAVERICK.mp4 4 8 78.98774027824402 8.918102025985718 1362731 2096.096164662495 100
MAVERICK.mp4 4 8 78.98774027824402 8.776110410690308 1362730 1542.2721860178774 75
MAVERICK.mp4 4 8 78.98774027824402 8.523192405700684 1362731 1544.7283564269326 50
MAVERICK.mp4 4 8 78.98774027824402 8.415624856948853 314155 1548.1713878219414 25
MAVERICK.mp4 4 8 78.98774027824402 8.104586601257324 314155 1161.0826208938859 10
MAVERICK.mp4 4 10 74.81523036956787 8.745527267456055 1362731 2471.237694438069 100
MAVERICK.mp4 4 10 74.81523036956787 8.826035976409912 1362731 1838.605499277735 75
MAVERICK.mp4 4 10 74.81523036956787 8.738738775253296 1362731 1840.408181751564 50
MAVERICK.mp4 4 10 74.81523036956787 8.271568298339844 1362731 1811.7666780749726 25
MAVERICK.mp4 4 10 74.81523036956787 8.130720853805542 314155 1341.5634704282418 10
MAVERICK.mp4 4 14 69.79064512252808 8.740697622299194 1362731 3259.105430450991 100
MAVERICK.mp4 4 14 69.79064512252808 8.95866346359253 1362731 2455.8920465941146 75
MAVERICK.mp4 4 14 69.79064512252808 8.495306253433228 1362731 2444.2170715540565 50
MAVERICK.mp4 4 14 69.79064512252808 8.293501853942871 1362731 2359.911689592983 25
MAVERICK.mp4 4 14 69.79064512252808 8.212027788162231 1362735 1655.362381407202 10
MAVERICK.mp4 4 16 69.69786334037781 8.763148784637451 1362731 3344.440638516129 100
MAVERICK.mp4 4 16 69.69786334037781 8.735512256622314 1362731 2447.2497182893494 75
MAVERICK.mp4 4 16 69.69786334037781 8.412412166595459 1362735 2427.245663420761 50
MAVERICK.mp4 4 16 69.69786334037781 8.132999897003174 1362735 2364.0697773604065 25
MAVERICK.mp4 4 16 69.69786334037781 8.247064113616943 1362735 1747.225321305586 10
MAVERICK.mp4 4 20 68.8906602859497 8.730726957321167 538757935 3070.047954506491 100
MAVERICK.mp4 4 20 68.8906602859497 8.62941861152649 538757935 2147.1209535193493 75
MAVERICK.mp4 4 20 68.8906602859497 8.681970834732056 538757935 2147.3404784231175 50
MAVERICK.mp4 4 20 68.8906602859497 8.461688041687012 538757935 2002.5648922681478 25
MAVERICK.mp4 4 20 68.8906602859497 8.23973035812378 1362735 1513.50178378954 10
MAVERICK.mp4 4 25 71.84593200683594 8.724995613098145 538757935 2723.6822114030138 100
MAVERICK.mp4 4 25 71.84593200683594 8.668700933456421 538757935 1748.4873165233316 75
MAVERICK.mp4 4 25 71.84593200683594 8.553045272827148 538757935 1732.4712903797515 50
MAVERICK.mp4 4 25 71.84593200683594 8.101080417633057 538757935 1630.720306879424 25
MAVERICK.mp4 4 25 71.84593200683594 8.126131296157837 1887023 1217.6975667813524 10
MAVERICK.mp4 4 30 68.2018551826477 8.580556631088257 1887023 2774.895948772214 100
MAVERICK.mp4 4 30 68.2018551826477 8.735573530197144 1887023 1785.5161796191703 75
MAVERICK.mp4 4 30 68.2018551826477 8.436996459960938 1887023 1738.1953323593402 50
MAVERICK.mp4 4 30 68.2018551826477 8.486453771591187 1887023 1527.3335464932022 25
MAVERICK.mp4 4 30 68.2018551826477 7.983283519744873 1887023 1106.7894667106218 10
MAVERICK.mp4 5 1 75.37754201889038 8.853849649429321 314159 326.8660639978156 100
MAVERICK.mp4 5 1 75.37754201889038 8.762435913085938 314159 219.4989787581661 75
MAVERICK.mp4 5 1 75.37754201889038 8.638358116149902 314159 217.77686574073692 50
MAVERICK.mp4 5 1 75.37754201889038 8.481766939163208 314159 213.3508913398655 25
MAVERICK.mp4 5 1 75.37754201889038 8.178307294845581 314159 200.3831157407373 10
MAVERICK.mp4 5 2 78.21149969100952 8.835505247116089 314159 620.3574171909023 100
MAVERICK.mp4 5 2 78.21149969100952 9.00636339187622 314159 431.6480089637479 75
MAVERICK.mp4 5 2 78.21149969100952 8.670521974563599 314159 427.8269213193035 50
MAVERICK.mp4 5 2 78.21149969100952 8.126728534698486 314159 405.6647621079204 25
MAVERICK.mp4 5 2 78.21149969100952 8.451904058456421 314159 337.9685953702728 10
MAVERICK.mp4 5 4 71.89065337181091 8.754547834396362 1362731 1005.4190351199868 100
MAVERICK.mp4 5 4 71.89065337181091 9.184417486190796 1362731 716.7454385012758 75
MAVERICK.mp4 5 4 71.89065337181091 8.810172080993652 1362731 710.5336683331152 50
MAVERICK.mp4 5 4 71.89065337181091 8.489931106567383 314155 690.3898375426957 25
MAVERICK.mp4 5 4 71.89065337181091 8.133640050888062 314159 503.040114455989 10
MAVERICK.mp4 5 8 70.75424528121948 8.862283706665039 1362731 1964.5108552178906 100
MAVERICK.mp4 5 8 70.75424528121948 8.804611206054688 1362728 1444.1627885322964 75
MAVERICK.mp4 5 8 70.75424528121948 8.641932249069214 1362728 1450.1573021675858 50
MAVERICK.mp4 5 8 70.75424528121948 8.577293872833252 1362728 1476.6933568827785 25
MAVERICK.mp4 5 8 70.75424528121948 8.136325120925903 1362731 1137.750885216151 10
MAVERICK.mp4 5 10 70.96664500236511 8.714365482330322 1362731 2209.170912303385 100
MAVERICK.mp4 5 10 70.96664500236511 8.748961687088013 1362731 1622.9655751941061 75
MAVERICK.mp4 5 10 70.96664500236511 8.577855110168457 1362731 1636.5746555401033 50
MAVERICK.mp4 5 10 70.96664500236511 8.586781740188599 1362731 1628.5479012738126 25
MAVERICK.mp4 5 10 70.96664500236511 8.12792158126831 1362731 1227.0613921905392 10
MAVERICK.mp4 5 14 69.13737893104553 8.755517959594727 1887023 2787.4385572261217 100
MAVERICK.mp4 5 14 69.13737893104553 8.816423892974854 1887023 2033.8855313124943 75
MAVERICK.mp4 5 14 69.13737893104553 8.651962041854858 1887023 2022.5597039458771 50
MAVERICK.mp4 5 14 69.13737893104553 8.189260482788086 1362735 1933.4900273608596 25
MAVERICK.mp4 5 14 69.13737893104553 8.135983943939209 1362735 1347.754005570056 10
MAVERICK.mp4 5 16 70.05108404159546 8.738054513931274 1887023 2609.5685527999212 100
MAVERICK.mp4 5 16 70.05108404159546 8.837403535842896 1887023 1831.9219912506164 75
MAVERICK.mp4 5 16 70.05108404159546 8.341498851776123 1887023 1841.634122341776 50
MAVERICK.mp4 5 16 70.05108404159546 8.446552515029907 1887023 1763.6150662372631 25
MAVERICK.mp4 5 16 70.05108404159546 8.387308359146118 1362735 1370.3401184874706 10
MAVERICK.mp4 5 20 67.24422574043274 8.71282434463501 538757935 2348.0495928121577 100
MAVERICK.mp4 5 20 67.24422574043274 8.933844089508057 538757935 1566.8710903136732 75
MAVERICK.mp4 5 20 67.24422574043274 8.690450668334961 538757935 1572.648813960811 50
MAVERICK.mp4 5 20 67.24422574043274 8.378746271133423 538757935 1462.9410405988542 25
MAVERICK.mp4 5 20 67.24422574043274 8.126603603363037 1887023 1015.3059016734231 10
MAVERICK.mp4 5 25 71.89575171470642 8.75524616241455 538757935 1844.3781483305686 100
MAVERICK.mp4 5 25 71.89575171470642 8.97860860824585 538757935 1112.9468080124345 75
MAVERICK.mp4 5 25 71.89575171470642 8.634468078613281 538757935 1098.8734966379102 50
MAVERICK.mp4 5 25 71.89575171470642 8.119699716567993 538757935 975.760937897999 25
MAVERICK.mp4 5 25 71.89575171470642 8.226079225540161 538757935 745.1431051816384 10
MAVERICK.mp4 5 30 66.34050345420837 8.568573236465454 538757935 1597.57820278678 100
MAVERICK.mp4 5 30 66.34050345420837 8.812135934829712 538757935 996.9015048629522 75
MAVERICK.mp4 5 30 66.34050345420837 8.480870246887207 538757935 972.8314351104653 50
MAVERICK.mp4 5 30 66.34050345420837 8.201789379119873 538757935 832.1564218279774 25
MAVERICK.mp4 5 30 66.34050345420837 8.252544403076172 538757935 578.504989790318 10
